dr_libs;2500;2500;2500;0;2500;0;0;126;0;0;
dr_libs;5000;5000;5000;0;5000;0;0;251;0;0;
dr_libs;7500;7500;7500;0;7500;0;0;362;0;0;
dr_libs;10000;10000;10000;0;10000;0;0;465;0;0;
dr_libs;12500;12500;12500;0;12500;0;0;595;0;0;
dr_libs;15000;15000;15000;0;15000;0;0;725;0;0;
dr_libs;17500;17500;17500;0;17500;0;0;857;0;0;
dr_libs;20000;20000;20000;0;20000;0;0;974;0;0;
dr_libs;22500;22500;22500;0;22500;0;0;1098;0;0;
dr_libs;25000;25000;25000;0;25000;0;0;1207;0;0;
dr_libs;27500;27500;27500;0;27500;0;0;1342;0;0;
dr_libs;30000;30000;30000;0;30000;0;0;1472;0;0;
dr_libs;32500;32500;32500;0;32500;0;0;1590;0;0;
dr_libs;35000;35000;35000;0;35000;0;0;1705;0;0;
dr_libs;37500;37500;37500;0;37500;0;0;1819;0;0;
dr_libs;40000;40000;40000;0;40000;0;0;1945;0;0;
dr_libs;42500;42500;42500;0;42500;0;0;2045;0;0;
dr_libs;45000;45000;45000;0;45000;0;0;2166;0;0;
dr_libs;47500;47500;47500;0;47500;0;0;2281;0;0;
dr_libs;50000;50000;50000;0;50000;0;0;2386;0;0;
miniaudio;2500;2500;2500;0;2500;0;0;116;0;0;
miniaudio;5000;5000;5000;0;5000;0;0;222;0;0;
miniaudio;7500;7500;7500;0;7500;0;0;328;0;0;
miniaudio;10000;10000;10000;0;10000;0;0;454;0;0;
miniaudio;12500;12500;12500;0;12500;0;0;571;0;0;
miniaudio;15000;15000;15000;0;15000;0;0;688;0;0;
miniaudio;17500;17500;17500;0;17500;0;0;787;0;0;
miniaudio;20000;20000;20000;0;20000;0;0;896;0;0;
miniaudio;22500;22500;22500;0;22500;0;0;1008;0;0;
miniaudio;25000;25000;25000;0;25000;0;0;1116;0;0;
miniaudio;27500;27500;27500;0;27500;0;0;1229;0;0;
miniaudio;30000;30000;30000;0;30000;0;0;1358;0;0;
miniaudio;32500;32500;32500;0;32500;0;0;1477;0;0;
miniaudio;35000;35000;35000;0;35000;0;0;1611;0;0;
miniaudio;37500;37500;37500;0;37500;0;0;1729;0;0;
miniaudio;40000;40000;40000;0;40000;0;0;1842;0;0;
miniaudio;42500;42500;42500;0;42500;0;0;1959;0;0;
miniaudio;45000;45000;45000;0;45000;0;0;2095;0;0;
miniaudio;47500;47500;47500;0;47500;0;0;2207;0;0;
miniaudio;50000;50000;50000;0;50000;0;0;2327;0;0;
mp3splt;2500;2500;1812;688;1863;637;1812;2551;0;637;
mp3splt;5000;5000;3651;1349;3671;1329;3651;5020;0;1329;
mp3splt;7500;7500;5546;1954;5511;1989;5546;7465;0;1989;
mp3splt;10000;10000;7416;2584;7320;2680;7416;9904;0;2680;
mp3splt;12500;12500;9259;3241;9140;3360;9259;12381;0;3360;
mp3splt;15000;15000;11085;3915;10939;4061;11085;14854;0;4061;
mp3splt;17500;17500;12910;4590;12748;4752;12910;17338;0;4752;
mp3splt;20000;20000;14704;5296;14610;5390;14704;19906;0;5390;
mp3splt;22500;22500;16562;5938;16429;6071;16562;22367;0;6071;
mp3splt;25000;25000;18399;6601;18270;6730;18399;24871;0;6730;
mp3splt;27500;27500;20254;7246;20112;7388;20254;27358;0;7388;
mp3splt;30000;30000;22063;7937;21977;8023;22063;29914;0;8023;
mp3splt;32500;32500;23917;8583;23817;8683;23917;32400;0;8683;
mp3splt;35000;35000;25763;9237;25637;9363;25763;34874;0;9363;
mp3splt;37500;37500;27629;9871;27496;10004;27629;37367;0;10004;
mp3splt;40000;40000;29387;10613;29295;10705;29387;39908;0;10705;
mp3splt;42500;42500;31220;11280;31113;11387;31220;42393;0;11387;
mp3splt;45000;45000;33061;11939;32935;12065;33061;44874;0;12065;
mp3splt;47500;47500;34918;12582;34790;12710;34918;47372;0;12710;
mp3splt;50000;50000;36758;13242;36688;13312;36758;49930;0;13312;
xiph_flac;2500;2500;2500;0;2500;0;0;93;0;0;
xiph_flac;5000;5000;5000;0;5000;0;0;197;0;0;
xiph_flac;7500;7500;7500;0;7500;0;0;318;0;0;
xiph_flac;10000;10000;10000;0;10000;0;0;438;0;0;
xiph_flac;12500;12500;12500;0;12500;0;0;549;0;0;
xiph_flac;15000;15000;15000;0;15000;0;0;662;0;0;
xiph_flac;17500;17500;17500;0;17500;0;0;760;0;0;
xiph_flac;20000;20000;20000;0;20000;0;0;877;0;0;
xiph_flac;22500;22500;22500;0;22500;0;0;987;0;0;
xiph_flac;25000;25000;25000;0;25000;0;0;1110;0;0;
xiph_flac;27500;27500;27500;0;27500;0;0;1238;0;0;
xiph_flac;30000;30000;30000;0;30000;0;0;1346;0;0;
xiph_flac;32500;32500;32500;0;32500;0;0;1470;0;0;
xiph_flac;35000;35000;35000;0;35000;0;0;1584;0;0;
xiph_flac;37500;37500;37500;0;37500;0;0;1693;0;0;
xiph_flac;40000;40000;40000;0;40000;0;0;1807;0;0;
xiph_flac;42500;42500;42500;0;42500;0;0;1920;0;0;
xiph_flac;45000;45000;45000;0;45000;0;0;2044;0;0;
xiph_flac;47500;47500;47500;0;47500;0;0;2165;0;0;
xiph_flac;50000;50000;50000;0;50000;0;0;2286;0;0;
libogg;2500;2500;1858;642;1830;670;1364;1862;0;501;
libogg;5000;5000;3672;1328;3676;1324;2766;3754;0;999;
libogg;7500;7500;5492;2008;5527;1973;4131;5652;0;1479;
libogg;10000;10000;7323;2677;7418;2582;5493;7550;0;1931;
libogg;12500;12500;9156;3344;9251;3249;6861;9419;0;2432;
libogg;15000;15000;10994;4006;11068;3932;8264;11278;0;2916;
libogg;17500;17500;12811;4689;12907;4593;9615;13164;0;3411;
libogg;20000;20000;14642;5358;14760;5240;10988;15046;0;3890;
libogg;22500;22500;16461;6039;16611;5889;12333;16933;0;4371;
libogg;25000;25000;18309;6691;18450;6550;13745;18784;0;4862;
libogg;27500;27500;20150;7350;20312;7188;15120;20643;0;5343;
libogg;30000;30000;22005;7995;22106;7894;16505;22467;0;5859;
libogg;32500;32500;23817;8683;23951;8549;17860;24338;0;6334;
libogg;35000;35000;25681;9319;25788;9212;19235;26218;0;6814;
libogg;37500;37500;27543;9957;27625;9875;20611;28061;0;7316;
libogg;40000;40000;29354;10646;29485;10515;21983;29945;0;7783;
libogg;42500;42500;31164;11336;31305;11195;23350;31848;0;8305;
libogg;45000;45000;33010;11990;33184;11816;24734;33816;0;8753;
libogg;47500;47500;34897;12603;35041;12459;26110;35701;0;9217;
libogg;50000;50000;36751;13249;36891;13109;27517;37579;0;9687;
